p cnf 30 70
1 2 0
3 4 0
5 6 0
7 8 0
9 10 0
11 12 0
13 14 0
15 16 0
17 18 0
19 20 0
21 22 0
23 24 0
25 26 0
27 28 0
29 30 0
-1 -2 0
-3 -4 0
-5 -6 0
-7 -8 0
-9 -10 0
-11 -12 0
-13 -14 0
-15 -16 0
-17 -18 0
-19 -20 0
-21 -22 0
-23 -24 0
-25 -26 0
-27 -28 0
-29 -30 0
-1 -3 -7 0
-1 -13 -9 0
-1 -19 -15 0
-1 -25 -21 0
-7 -13 -27 0
-7 -19 -5 0
-7 -25 -11 0
-13 -19 -17 0
-13 -25 -23 0
-19 -25 -29 0
-3 -9 -27 0
-3 -15 -5 0
-3 -21 -11 0
-9 -15 -17 0
-9 -21 -23 0
-15 -21 -29 0
-27 -5 -17 0
-27 -11 -23 0
-5 -11 -29 0
-17 -23 -29 0
-2 -4 -8 0
-2 -14 -10 0
-2 -20 -16 0
-2 -26 -22 0
-8 -14 -28 0
-8 -20 -6 0
-8 -26 -12 0
-14 -20 -18 0
-14 -26 -24 0
-20 -26 -30 0
-4 -10 -28 0
-4 -16 -6 0
-4 -22 -12 0
-10 -16 -18 0
-10 -22 -24 0
-16 -22 -30 0
-28 -6 -18 0
-28 -12 -24 0
-6 -12 -30 0
-18 -24 -30 0
